0.001220	28.998700	1.516450
0.001220	29.055900	1.517470
0.002560	30.723300	0.782372
0.002560	30.744900	0.799068
0.002990	30.775700	0.881212
0.003170	30.794600	0.614535
0.003310	30.460400	0.594683
0.003310	30.552800	0.580251
0.003310	30.401300	0.578445
0.003310	30.510700	0.578546
0.003330	31.501100	0.591006
0.003490	31.793300	0.552720
0.003490	31.496700	0.545492
0.003590	31.696900	0.550993
0.003840	30.999900	0.566505
0.004070	31.393300	0.476404
0.004070	31.377900	0.479276
0.004320	31.499000	0.514259
0.004320	31.561100	0.530838
0.004650	31.930900	0.442017
0.004650	32.033000	0.420403
0.004820	31.247600	0.558603
0.004830	31.133100	0.446882
0.004830	31.652500	0.564724
0.004830	31.223400	0.410577
0.004830	31.340000	0.562589
0.004830	31.763500	0.574442
0.004880	31.447300	0.448264
0.004880	31.539000	0.407028
0.005380	31.651200	0.514401
0.005480	31.728200	0.501431
0.005700	31.911700	0.469628
0.005700	31.898500	0.483668
0.005710	31.679900	0.375913
0.005710	31.629200	0.385756
0.005870	31.740300	0.491367
0.005880	32.182200	0.339643
0.005920	32.468500	0.487055
0.006020	31.940400	0.344335
0.006020	32.066600	0.343707
0.006020	31.910200	0.350249
0.006160	30.907900	0.524992
0.006160	31.185700	0.452235
0.006250	32.066700	0.325930
0.006250	32.002300	0.361560
0.006250	32.099900	0.322811
0.006250	32.033700	0.339166
0.006300	32.075400	0.533991
0.006300	32.084300	0.537335
0.006300	32.020300	0.538159
0.006310	32.833300	0.562902
0.006340	32.400100	0.482567
0.006480	32.460800	0.318474
0.006480	32.433800	0.322290
0.006650	31.732100	0.531169
0.006680	31.221700	0.420706
0.006730	32.359300	0.359446
0.006760	31.973300	0.415464
0.006770	32.195100	0.340530
0.006770	32.172900	0.371125
0.006770	32.204800	0.347950
0.006920	32.440500	0.439634
0.007100	32.319300	0.325586
0.007100	32.332700	0.348317
0.007100	32.322100	0.322655
0.007190	32.442300	0.300309
0.007190	32.464200	0.300269
0.007470	32.794300	0.289134
0.007470	32.742300	0.294759
0.007470	32.768500	0.292411
0.007500	32.331200	0.373843
0.007500	32.299800	0.396652
0.007950	32.641800	0.362719
0.008140	32.716400	0.317031
0.008140	32.615100	0.317457
0.008140	32.709200	0.367554
0.008150	32.371100	0.371926
0.008150	32.743400	0.280148
0.008150	32.670700	0.286975
0.008170	32.445500	0.490787
0.008180	32.484000	0.342662
0.008210	33.213800	0.462834
0.008380	32.521000	0.465611
0.008380	32.692200	0.484865
0.008550	32.692800	0.359218
0.008550	32.852000	0.318032
0.008570	32.752700	0.267580
0.008610	32.722300	0.383433
0.008630	32.374400	0.338325
0.008630	32.394500	0.331296
0.008630	32.335000	0.337879
0.008640	32.419800	0.425219
0.008830	32.861600	0.327035
0.009060	32.799000	0.368859
0.009060	32.749800	0.409525
0.009250	32.891400	0.286425
0.009250	32.897300	0.282867
0.009250	32.915900	0.285505
0.009350	32.335300	0.401367
0.009540	33.039900	0.268981
0.009540	33.213500	0.253629
0.009540	33.230900	0.251906
0.009540	33.246900	0.254885
0.009570	32.901000	0.309548
0.009570	32.865400	0.334488
0.009660	32.802900	0.357890
0.009660	32.916500	0.372831
0.009930	33.475300	0.372879
0.009960	32.645700	0.409088
0.009960	32.745800	0.360296
0.009960	32.901500	0.334006
0.010160	32.779400	0.348547
0.010170	32.918200	0.365223
0.010170	32.967400	0.341878
0.010260	33.337800	0.306294
0.010260	33.225300	0.299086
0.010280	33.278800	0.247952
0.010420	33.123600	0.317227
0.010440	33.086900	0.343916
0.010610	33.380600	0.309009
0.010610	33.293100	0.274570
0.010730	33.108100	0.364668
0.010790	33.068300	0.324016
0.010790	33.180900	0.377969
0.010960	33.570900	0.314858
0.011140	33.733700	0.342487
0.011140	33.636900	0.295220
0.011220	33.834700	0.353909
0.011220	33.433600	0.283424
0.011220	33.494700	0.325172
0.011550	33.583300	0.281169
0.011950	33.497400	0.301502
0.012130	33.878300	0.346381
0.012200	33.702300	0.266666
0.012330	33.740300	0.254135
0.012460	33.828600	0.265115
0.012580	33.708000	0.240760
0.012580	33.724600	0.250097
0.012590	33.587400	0.260060
0.012590	33.517800	0.266190
0.012790	33.749200	0.416658
0.012830	33.636500	0.287379
0.012830	33.502800	0.331124
0.013030	33.735500	0.239783
0.013030	33.760700	0.287220
0.013040	33.575200	0.292564
0.013040	33.567300	0.284786
0.013120	33.520000	0.273536
0.013120	33.471700	0.261601
0.013250	33.968200	0.303693
0.013250	33.984600	0.299399
0.013250	33.924700	0.304606
0.013750	33.797000	0.277855
0.013750	33.768300	0.232778
0.013750	33.772000	0.235755
0.013760	33.764900	0.288791
0.013860	33.674100	0.345367
0.013880	33.696800	0.233531
0.013890	33.805300	0.288803
0.013890	33.665100	0.296207
0.014110	33.820600	0.250873
0.014240	33.844400	0.265489
0.014420	34.018700	0.307194
0.014420	34.024900	0.352338
0.014420	34.336600	0.370715
0.014420	34.178100	0.396908
0.014420	34.252000	0.397235
0.014460	33.907800	0.240515
0.014500	34.172700	0.365029
0.014530	33.752600	0.216300
0.014600	33.882600	0.249316
0.014620	33.925300	0.243928
0.014630	33.755300	0.390506
0.014630	33.718900	0.392820
0.014670	33.891600	0.240694
0.014720	33.789400	0.397352
0.014840	34.010900	0.270222
0.014920	34.190200	0.372674
0.014930	33.852400	0.277558
0.014990	33.974000	0.229564
0.014990	33.926100	0.231708
0.015150	33.887700	0.294985
0.015190	34.179300	0.266770
0.015250	33.770600	0.302190
0.015290	34.033400	0.344305
0.015420	34.342600	0.372888
0.015430	34.074400	0.314862
0.015460	34.033100	0.226465
0.015490	34.273200	0.340360
0.015500	34.258100	0.272528
0.015500	34.211200	0.258071
0.015500	33.999400	0.286320
0.015500	33.885200	0.313932
0.015570	33.790200	0.290577
0.015570	33.807200	0.290395
0.015620	34.173200	0.264363
0.015620	34.130200	0.334310
0.015650	34.331700	0.278713
0.015760	34.165700	0.286880
0.015780	33.998600	0.219937
0.015780	34.069700	0.290382
0.015810	33.992600	0.239289
0.015810	33.900400	0.218994
0.015870	34.391600	0.270341
0.015880	34.028700	0.224824
0.015900	34.166300	0.242893
0.015900	34.132300	0.209471
0.015900	34.032900	0.272511
0.016030	34.106200	0.281582
0.016520	34.413700	0.346370
0.016520	33.999900	0.334729
0.016560	34.160800	0.218117
0.016570	33.972600	0.415280
0.016620	34.279300	0.261916
0.016660	34.340800	0.198023
0.016710	33.898500	0.245383
0.016780	34.167900	0.246475
0.016820	34.464900	0.358327
0.016820	34.534100	0.341619
0.016820	33.967300	0.284408
0.016900	33.841000	0.289311
0.016900	33.897500	0.264562
0.016920	34.489400	0.310314
0.016980	34.340900	0.228387
0.016990	34.075500	0.297815
0.017050	34.197300	0.214463
0.017180	34.022000	0.308995
0.017180	34.200300	0.325329
0.017200	34.608400	0.219814
0.017300	34.143600	0.282690
0.017300	34.151700	0.257136
0.017330	34.400900	0.221698
0.017330	34.510100	0.231239
0.017340	34.361000	0.220285
0.017370	34.310000	0.263557
0.017370	34.266900	0.262425
0.017430	33.779900	0.330633
0.017470	34.322800	0.200241
0.017470	34.313300	0.197820
0.017520	34.146500	0.231417
0.017760	34.222100	0.320412
0.017780	34.336400	0.210115
0.017780	34.246400	0.213428
0.017840	34.293900	0.246602
0.017840	34.241800	0.222870
0.017900	34.297500	0.318912
0.018020	34.266100	0.234211
0.018080	34.607800	0.201470
0.018260	34.979200	0.218480
0.018260	34.200500	0.280568
0.018390	34.439300	0.226901
0.018550	34.492000	0.255362
0.018550	34.576000	0.296243
0.018650	34.617100	0.238984
0.018650	34.571600	0.239989
0.018660	34.606600	0.277471
0.018750	34.546600	0.215514
0.018750	34.486600	0.321023
0.019050	34.428600	0.281407
0.019470	34.774700	0.195403
0.019470	34.808500	0.195531
0.019750	34.757000	0.466611
0.019750	34.739400	0.433516
0.019760	34.686500	0.406241
0.019950	34.364800	0.295725
0.020010	34.685400	0.204275
0.020060	34.512100	0.199486
0.020190	34.507200	0.233893
0.020190	34.702000	0.192460
0.020230	34.599500	0.188309
0.020230	34.501200	0.295566
0.020230	34.576000	0.189903
0.020230	34.648200	0.187832
0.020240	34.998800	0.187715
0.020340	34.816500	0.241825
0.020340	34.574900	0.375822
0.020350	34.570900	0.187708
0.020350	34.565600	0.177716
0.020350	34.493100	0.190750
0.020440	34.655200	0.214591
0.020490	35.126300	0.375783
0.020520	34.556000	0.333904
0.020560	34.416800	0.217156
0.020560	34.564700	0.249505
0.020810	34.486300	0.330445
0.020820	34.674000	0.230899
0.020820	34.634900	0.254511
0.020900	34.811800	0.300223
0.020960	34.695600	0.216494
0.021060	34.669300	0.230687
0.021160	34.375000	0.203089
0.021160	34.819400	0.196425
0.021180	35.118000	0.310686
0.021180	35.205600	0.304103
0.021310	34.756100	0.180584
0.021310	34.734400	0.177177
0.021310	34.741900	0.187753
0.021340	34.762700	0.339971
0.021370	34.346800	0.199010
0.021510	34.589900	0.199177
0.021530	34.611400	0.393324
0.021700	34.770900	0.195863
0.021830	34.758300	0.283448
0.021830	34.774200	0.253646
0.021970	34.858900	0.246447
0.021980	34.965400	0.216973
0.022030	34.673900	0.247785
0.022050	34.747700	0.199095
0.022070	34.884700	0.186029
0.022150	35.048100	0.288632
0.022190	35.013600	0.216159
0.022280	34.805900	0.180180
0.022280	34.823400	0.258110
0.022310	34.924500	0.169837
0.022340	34.772700	0.199004
0.022340	34.870400	0.204479
0.022360	34.781400	0.224663
0.022390	34.771400	0.302654
0.022390	34.860300	0.243120
0.022400	34.759000	0.288719
0.022400	34.799700	0.255270
0.022410	35.039200	0.214526
0.022550	34.730600	0.243141
0.022660	34.843800	0.220547
0.022700	34.869300	0.203300
0.022730	34.684900	0.358325
0.022950	35.268500	0.304874
0.022950	34.858400	0.201270
0.022980	34.999200	0.267367
0.022980	34.971200	0.237284
0.023030	34.985000	0.190740
0.023070	34.766600	0.340338
0.023130	35.022500	0.271221
0.023160	34.883000	0.274970
0.023210	34.916800	0.178524
0.023250	35.053700	0.229702
0.023310	34.647800	0.266962
0.023310	34.430100	0.279423
0.023420	34.985100	0.282579
0.023420	35.008100	0.221692
0.023420	34.978300	0.225403
0.023430	34.858200	0.260273
0.023430	34.858200	0.170636
0.023440	34.833100	0.263771
0.023520	34.839100	0.215880
0.023540	34.999800	0.217718
0.023570	35.040600	0.206572
0.023570	34.950900	0.259128
0.023570	34.571500	0.261746
0.023650	34.954300	0.274039
0.023690	34.943000	0.209800
0.023880	34.994900	0.180801
0.023900	34.889000	0.403697
0.023900	34.994000	0.277383
0.023910	34.899300	0.190331
0.024010	35.101800	0.195014
0.024110	35.104900	0.310330
0.024110	34.471100	0.398476
0.024120	34.878200	0.224067
0.024170	34.942100	0.208286
0.024170	35.084000	0.183555
0.024280	35.180300	0.232251
0.024290	35.077100	0.195416
0.024320	34.987100	0.184147
0.024320	34.953000	0.198064
0.024320	35.231700	0.235205
0.024340	35.010200	0.201948
0.024530	35.008000	0.162015
0.024530	35.074600	0.209952
0.024530	34.949300	0.170871
0.024570	35.178400	0.189112
0.024620	35.106100	0.235556
0.024620	35.052100	0.231261
0.024620	34.889800	0.233972
0.024640	34.952800	0.213795
0.024640	34.807000	0.182460
0.024660	34.811200	0.317595
0.024910	35.086200	0.240547
0.024940	35.197300	0.228493
0.025090	35.215200	0.268527
0.025100	34.836900	0.288042
0.025100	34.848200	0.181918
0.025100	35.079000	0.205996
0.025100	35.009000	0.176889
0.025120	35.027600	0.190198
0.025130	34.458300	0.333265
0.025170	34.911700	0.306484
0.025170	35.198900	0.238281
0.025170	35.227700	0.204374
0.025190	35.113900	0.155310
0.025190	35.114500	0.174825
0.025210	34.984200	0.185284
0.025250	34.944100	0.240723
0.025250	34.906300	0.269066
0.025340	35.188200	0.176701
0.025340	35.197400	0.185937
0.025560	35.182800	0.233724
0.025570	35.062100	0.190177
0.025850	34.766400	0.344692
0.025910	35.118100	0.200181
0.025960	35.401400	0.200491
0.025980	35.293100	0.179545
0.025980	35.108100	0.198242
0.025980	34.835000	0.348314
0.025980	35.311100	0.178730
0.026260	35.285500	0.288909
0.026260	35.342900	0.323231
0.026320	35.022300	0.372346
0.026690	35.308000	0.179587
0.026910	35.268800	0.183373
0.026910	35.289200	0.205883
0.026950	35.118400	0.181369
0.027130	35.251300	0.186760
0.027140	35.322400	0.216057
0.027300	35.289200	0.298907
0.027310	35.267300	0.172357
0.027310	35.343700	0.230789
0.027310	35.111800	0.346591
0.027310	35.227000	0.261645
0.027360	35.313000	0.220137
0.027400	35.304200	0.352852
0.027410	35.523600	0.225337
0.027480	35.113000	0.172724
0.027480	35.153800	0.186856
0.027480	35.111700	0.170295
0.027730	35.346700	0.289875
0.028030	35.725800	0.321699
0.028050	35.130600	0.184771
0.028100	35.673900	0.216353
0.028160	35.361300	0.190628
0.028190	35.317400	0.173415
0.028200	35.287400	0.292934
0.028230	35.506100	0.163093
0.028230	35.556300	0.160218
0.028230	35.558000	0.160985
0.028330	35.266500	0.177545
0.028440	35.372000	0.160301
0.028440	35.342100	0.156527
0.028490	35.104900	0.181734
0.028490	35.436800	0.180322
0.028490	35.291300	0.178243
0.028490	35.359000	0.180243
0.028490	35.196300	0.366604
0.028570	35.599600	0.235009
0.028580	35.659600	0.251383
0.028660	35.344900	0.211378
0.028660	35.410500	0.201911
0.028730	34.948700	0.227749
0.028880	35.276300	0.655117
0.028980	35.477900	0.275376
0.029020	35.055800	0.218663
0.029130	35.515200	0.250819
0.029150	35.694800	0.183345
0.029170	35.239100	0.185823
0.029190	35.602400	0.169987
0.029380	35.622200	0.299966
0.029380	35.472000	0.225755
0.029440	35.276100	0.180915
0.029470	35.093900	0.272694
0.029490	35.607900	0.224233
0.029500	35.363800	0.283742
0.029530	35.465400	0.177866
0.029560	35.506400	0.190895
0.029690	35.278100	0.194122
0.029780	35.501500	0.190369
0.029780	35.511600	0.190788
0.029900	35.435400	0.185335
0.029960	35.861000	0.192522
0.030120	35.519500	0.196088
0.030120	35.483800	0.199296
0.030120	35.476100	0.233488
0.030230	35.518500	0.166012
0.030310	35.554200	0.216273
0.030360	35.480300	0.173804
0.030470	35.534500	0.258248
0.030590	35.358600	0.164518
0.030750	35.352200	0.343157
0.030760	35.608400	0.212671
0.030830	35.464800	0.278746
0.030860	35.416400	0.184841
0.030910	35.492600	0.166476
0.030960	35.648100	0.206672
0.031080	35.922400	0.399302
0.031080	35.406000	0.332119
0.031080	35.337400	0.375292
0.031100	35.565000	0.183722
0.031140	35.670000	0.236835
0.031140	35.540900	0.184896
0.031160	35.587700	0.169094
0.031170	35.530400	0.283582
0.031180	35.667500	0.174531
0.031200	35.495700	0.175954
0.031200	35.579300	0.148680
0.031200	35.484100	0.153803
0.031210	35.772000	0.224228
0.031210	35.742800	0.226764
0.031210	35.786700	0.216659
0.031320	35.623100	0.320886
0.031430	35.646100	0.196214
0.031430	35.560200	0.185563
0.031470	35.911900	0.273901
0.031480	35.701700	0.164289
0.031480	35.707000	0.220570
0.031620	35.647400	0.194240
0.031620	35.684700	0.188076
0.031660	35.727900	0.178050
0.031920	35.459200	0.276064
0.032010	35.489600	0.148675
0.032360	35.674600	0.202110
0.032550	35.576000	0.196814
0.032600	35.856200	0.258808
0.032600	35.857700	0.294619
0.032640	35.880800	0.190040
0.032640	35.665600	0.274525
0.032640	35.908200	0.198168
0.032720	35.663800	0.156049
0.032720	35.636600	0.169859
0.032720	35.643100	0.148421
0.032820	35.632900	0.204026
0.032890	35.838100	0.178659
0.032900	35.724800	0.153550
0.032940	35.799200	0.326022
0.032960	35.732400	0.220190
0.032960	35.890700	0.225741
0.032980	35.616400	0.168015
0.033330	35.664300	0.150947
0.033330	35.726800	0.162633
0.033350	35.815900	0.198961
0.033410	35.864700	0.150987
0.033410	35.851600	0.143619
0.033710	35.779700	0.159699
0.033730	35.829000	0.273673
0.033750	36.022900	0.243018
0.033780	35.827600	0.259126
0.033930	35.908900	0.177213
0.034030	35.758700	0.312966
0.034280	35.918800	0.207416
0.034280	35.937800	0.211316
0.034370	35.783700	0.217075
0.034410	35.825000	0.340606
0.034510	35.975700	0.358083
0.034590	35.734800	0.155656
0.034790	35.856600	0.205773
0.034910	35.911800	0.165632
0.035120	35.881600	0.169326
0.035150	35.893700	0.211664
0.035160	35.801200	0.483330
0.035160	35.803800	0.482057
0.035220	35.834900	0.334212
0.035290	35.861000	0.168600
0.035510	35.990500	0.374822
0.035680	36.234000	0.188455
0.035760	35.959100	0.225173
0.035760	36.154500	0.230318
0.035830	35.932500	0.204232
0.035850	35.551500	0.204326
0.035990	35.990900	0.187185
0.036160	35.858600	0.223482
0.036240	36.184500	0.187245
0.036350	36.003500	0.185251
0.036820	35.928200	0.156600
0.036820	35.883600	0.185109
0.036970	36.074800	0.289284
0.037020	35.805600	0.308166
0.037020	35.928700	0.318471
0.037020	36.069500	0.175025
0.037020	36.080000	0.336812
0.037050	35.963700	0.166565
0.037070	36.047500	0.166339
0.037250	36.006700	0.135213
0.037250	35.992700	0.149174
0.037300	35.869800	0.189690
0.037400	35.978900	0.163683
0.037530	35.949000	0.262609
0.037560	36.333300	0.171248
0.037560	36.218500	0.171341
0.037870	36.006300	0.206656
0.037900	36.062400	0.163008
0.037960	36.088900	0.198876
0.038180	35.893800	0.151724
0.038180	35.861700	0.152703
0.038280	36.114100	0.236153
0.038340	36.517700	0.245806
0.038470	36.225400	0.311188
0.038480	36.256400	0.149974
0.038730	36.012500	0.170350
0.038840	36.026000	0.219507
0.039020	36.012500	0.204712
0.039090	36.196200	0.220822
0.039100	36.212500	0.183520
0.040140	36.284000	0.147901
0.040350	36.548600	0.234635
0.040560	36.016700	0.143473
0.040560	36.081800	0.144980
0.040770	35.991800	0.210464
0.040890	36.126300	0.168835
0.040950	36.410400	0.307187
0.040990	36.040300	0.147245
0.041010	36.315300	0.150794
0.041670	36.560100	0.280122
0.042220	36.210100	0.208042
0.042580	36.510600	0.426487
0.042680	36.293100	0.151018
0.042680	35.913800	0.294490
0.042850	36.252100	0.175538
0.042850	36.207100	0.166515
0.042890	36.201800	0.162522
0.043060	36.245700	0.207056
0.043490	36.416500	0.166064
0.043490	36.213700	0.152187
0.043490	36.288200	0.166626
0.043690	36.259400	0.177777
0.044080	36.329800	0.181208
0.044380	36.546900	0.231201
0.044390	36.291600	0.249078
0.044400	36.551000	0.270525
0.044640	36.511400	0.286272
0.044870	36.456500	0.162334
0.045210	36.686600	0.304921
0.045450	36.454100	0.196266
0.045750	36.463400	0.173532
0.045750	36.513900	0.151933
0.045830	36.157900	0.182756
0.045900	36.381100	0.196005
0.046250	36.263600	0.218105
0.046310	36.539400	0.159223
0.046430	36.324700	0.195021
0.046560	36.508100	0.209562
0.046640	36.471300	0.194090
0.046820	36.478600	0.148197
0.046820	36.485700	0.182928
0.046910	36.758200	0.280677
0.047380	36.564200	0.229149
0.047600	36.600900	0.161688
0.047770	36.594600	0.145385
0.047770	36.562700	0.208806
0.048190	36.497600	0.165873
0.048370	36.373500	0.154741
0.048600	36.330300	0.135835
0.048650	36.641000	0.181462
0.049340	36.599700	0.202684
0.049400	36.469100	0.176995
0.049440	36.582800	0.168097
0.049850	36.640200	0.244395
0.049890	36.471400	0.185530
0.050180	36.569300	0.155812
0.050230	36.858300	0.163226
0.050320	36.540300	0.453411
0.050440	36.462100	0.201896
0.050490	36.546100	0.190961
0.050520	36.703600	0.133364
0.050660	36.852300	0.302557
0.051060	36.880400	0.168360
0.051260	36.393000	0.201448
0.051510	36.586200	0.156832
0.051940	36.775900	0.228182
0.052020	36.867900	0.208308
0.052020	36.543300	0.298829
0.052220	36.841100	0.218249
0.052620	36.914400	0.207509
0.053090	36.775200	0.161766
0.053160	36.847400	0.172204
0.053460	36.863100	0.133817
0.054680	36.832700	0.178902
0.054690	36.858100	0.149593
0.055020	36.643300	0.175423
0.055410	36.867600	0.194374
0.056140	36.810900	0.193162
0.056530	36.909800	0.185051
0.056930	37.039300	0.176308
0.057080	36.990300	0.171451
0.057280	37.068700	0.221323
0.058240	36.982100	0.138149
0.058240	36.932400	0.146740
0.058300	36.954500	0.182842
0.058860	36.980200	0.215566
0.058860	37.146000	0.252804
0.059740	36.300100	0.617516
0.060920	37.032000	0.177590
0.060990	37.163100	0.123921
0.060990	37.192500	0.160570
0.061210	37.138300	0.198009
0.061370	36.960800	0.196145
0.061370	36.969100	0.141986
0.061530	37.074700	0.183316
0.063720	37.351700	0.206518
0.063840	37.019700	0.155855
0.064460	37.078600	0.154429
0.065330	37.085100	0.153034
0.066270	37.361700	0.203312
0.066540	37.162700	0.296189
0.067110	37.423700	0.194412
0.067250	37.234400	0.203006
0.067860	37.493500	0.190499
0.068440	37.238100	0.191221
0.068860	37.421300	0.159324
0.068970	37.281700	0.174144
0.070230	37.294400	0.277681
0.070560	37.296100	0.226908
0.070560	37.277500	0.212322
0.070730	37.478700	0.176182
0.070830	37.481400	0.447068
0.070890	37.454300	0.247810
0.070900	37.729100	0.501827
0.070910	37.371200	0.228257
0.071160	37.355200	0.196012
0.071580	37.249400	0.161070
0.071670	37.415500	0.208957
0.071930	37.561800	0.180815
0.072220	37.631900	0.199695
0.072520	37.622500	0.304764
0.073930	37.553500	0.176502
0.074400	37.434600	0.222054
0.074460	37.450100	0.192118
0.075200	37.476300	0.179761
0.075200	37.565600	0.154994
0.075600	37.814200	0.289148
0.075750	37.546100	0.217171
0.075880	37.634200	0.198325
0.078450	37.571500	0.150392
0.078590	37.831500	0.146078
0.078750	38.015400	0.239252
0.078750	38.094200	0.180119
0.078950	37.598800	0.503338
0.079060	37.784300	0.238199
0.079310	37.530000	0.147217
0.079910	37.600300	0.157805
0.080090	37.666800	0.119289
0.081670	37.721500	0.219648
0.082450	37.819200	0.217606
0.082820	37.677400	0.265638
0.083090	37.993900	0.195118
0.084100	37.968600	0.221594
0.085720	37.840600	0.128563
0.087040	37.848400	0.216810
0.088700	37.777200	0.253181
0.090390	37.920200	0.217040
0.090890	38.026900	0.167553
0.092050	38.160200	0.266341
0.092930	38.222600	0.493293
0.099500	38.437700	0.194713
0.101650	38.298200	0.165557
0.102210	38.408500	0.187412
0.102460	38.251100	0.199553
0.102940	38.181500	0.186250
0.103610	38.333800	0.126380
0.103740	38.207900	0.196456
0.105070	38.429500	0.236183
0.106610	38.261100	0.195537
0.107070	38.462400	0.151122
0.107110	38.429500	0.210466
0.107130	38.780100	0.468541
0.107740	38.498400	0.180059
0.107940	38.401700	0.187108
0.109080	38.401600	0.133183
0.110010	38.570100	0.179741
0.112590	38.621400	0.163201
0.113880	38.387600	0.194923
0.116500	38.540800	0.159897
0.116530	38.630200	0.185742
0.117600	38.572700	0.239635
0.117920	38.608800	0.214419
0.118180	38.415700	0.127058
0.119010	38.562900	0.212381
0.120140	38.595800	0.200195
0.120580	38.792600	0.252257
0.120860	38.634800	0.302627
0.122070	38.594500	0.157915
0.122310	38.611900	0.231142
0.122780	38.685300	0.144584
0.123160	38.596700	0.274641
0.123570	38.616400	0.162163
0.123770	38.800900	0.333367
0.123830	38.824200	0.150324
0.123930	38.650400	0.145797
0.124050	38.835000	0.221531
0.124720	38.761600	0.125870
0.125600	39.141700	0.298944
0.126230	38.495600	0.293348
0.127060	38.812500	0.259679
0.127100	38.684900	0.280884
0.127200	38.742900	0.159508
0.127320	38.784100	0.176913
0.129200	38.754700	0.150979
0.129210	38.840300	0.212795
0.129500	38.833000	0.250442
0.129580	38.842900	0.142748
0.131690	38.802000	0.134576
0.132810	38.784100	0.122177
0.133660	38.826600	0.283718
0.133720	38.843400	0.157696
0.134770	39.236600	0.199357
0.135350	39.077500	0.313330
0.136140	38.977100	0.206627
0.136580	38.847500	0.195569
0.137000	39.009500	0.224296
0.137130	38.961600	0.259136
0.137450	39.351100	0.230391
0.138220	38.885700	0.128482
0.138260	38.950300	0.159740
0.138400	39.022900	0.124250
0.138510	39.040100	0.319084
0.138750	38.999900	0.176022
0.138800	39.046700	0.130742
0.139550	39.021300	0.145767
0.140820	39.177500	0.184019
0.141040	39.283500	0.203514
0.141230	39.040700	0.212429
0.141340	39.123700	0.260864
0.143250	39.047000	0.160602
0.143450	39.515400	0.370650
0.143590	39.113500	0.129494
0.144040	39.075600	0.170594
0.144230	39.016000	0.240960
0.145420	39.151800	0.210163
0.146380	39.185700	0.207408
0.146520	39.158000	0.187578
0.147370	39.015400	0.197495
0.147470	38.967200	0.171803
0.147710	39.134000	0.188785
0.147780	39.161000	0.170177
0.148030	39.228500	0.184985
0.148060	39.038200	0.157931
0.148340	39.023900	0.142683
0.148980	39.160600	0.174940
0.149400	39.110400	0.175216
0.150500	39.105800	0.170038
0.150840	39.168700	0.134119
0.151950	39.047700	0.158769
0.152910	39.323900	0.173198
0.153180	39.217500	0.127754
0.153360	39.099100	0.159928
0.153410	39.256400	0.179373
0.153570	39.363900	0.175468
0.155110	39.207600	0.167881
0.155260	39.278000	0.157843
0.155360	39.399400	0.175858
0.156010	38.970400	0.179204
0.156710	39.208700	0.210288
0.158560	39.079400	0.163715
0.159210	39.426700	0.283686
0.159310	38.950300	0.143914
0.159480	39.090800	0.143045
0.160040	39.042800	0.270648
0.160080	39.228600	0.167715
0.160530	39.205700	0.217053
0.160610	39.424200	0.260360
0.160770	39.216200	0.209270
0.161220	39.310600	0.246322
0.162360	39.325200	0.224064
0.163750	39.280700	0.200998
0.164480	39.263400	0.199319
0.164710	39.329300	0.139452
0.164950	39.318200	0.150918
0.166030	39.493800	0.241887
0.166060	39.181700	0.193496
0.168280	39.275700	0.165826
0.169240	39.515500	0.182871
0.169710	39.672100	0.274897
0.170420	39.474200	0.132684
0.171240	39.542400	0.275502
0.171690	39.460300	0.214715
0.172560	39.502100	0.177409
0.172700	39.267600	0.152344
0.172970	39.726300	0.252568
0.173310	39.387100	0.131849
0.173740	39.540300	0.183180
0.173780	39.349300	0.151501
0.173920	39.598600	0.318528
0.174170	39.573400	0.137128
0.174200	39.331700	0.154309
0.174380	39.505300	0.183971
0.174430	39.554600	0.230974
0.174440	39.484900	0.162645
0.174980	39.743400	0.182014
0.176660	39.516400	0.135467
0.177130	39.509500	0.175623
0.177370	39.477100	0.138264
0.177860	39.339400	0.257355
0.177910	39.647700	0.131546
0.178520	39.966900	0.207864
0.179010	39.641000	0.157339
0.179110	39.767200	0.201468
0.179310	39.535500	0.229828
0.179520	39.550900	0.280575
0.179730	39.551900	0.174634
0.179750	39.596200	0.208929
0.180040	39.997900	0.268081
0.180500	39.368800	0.137620
0.180730	39.503500	0.133745
0.180780	39.716600	0.179158
0.180820	39.639100	0.133983
0.180860	39.615100	0.246207
0.180920	39.621300	0.207991
0.181260	39.658500	0.225961
0.181360	39.486800	0.134057
0.181450	39.395300	0.235174
0.182170	39.586300	0.201062
0.182290	39.525900	0.149858
0.182310	39.688500	0.152439
0.182520	39.782100	0.177319
0.183600	39.599500	0.294191
0.183750	39.680000	0.151568
0.183890	39.752000	0.197430
0.184020	39.796000	0.218377
0.184580	39.938400	0.282465
0.184590	39.789100	0.142656
0.184840	39.654800	0.276820
0.184930	39.613000	0.134864
0.185060	39.743500	0.159325
0.185150	39.634700	0.160441
0.185220	39.542700	0.172189
0.185270	39.788200	0.139358
0.186670	39.755900	0.144508
0.187280	39.769400	0.136710
0.188090	39.745100	0.191467
0.189060	39.438400	0.149571
0.189080	39.808900	0.256269
0.189290	39.935900	0.228953
0.189290	40.140800	0.200523
0.189480	39.741300	0.209197
0.189520	39.762400	0.238646
0.189950	39.728600	0.224725
0.190250	39.880700	0.157990
0.190420	39.689200	0.294972
0.190440	39.918200	0.154841
0.194130	39.798300	0.218857
0.194340	39.878700	0.222002
0.195460	40.134300	0.403955
0.195530	39.711100	0.156617
0.195570	39.908200	0.195934
0.195680	39.958000	0.212325
0.196160	39.728800	0.124812
0.196210	39.774700	0.157962
0.196270	39.839700	0.254651
0.196350	39.892700	0.293420
0.197330	39.801800	0.141580
0.197410	39.693200	0.130873
0.197820	39.492000	0.189171
0.198170	39.756100	0.182544
0.198280	39.887900	0.174409
0.198610	40.324600	0.238597
0.198770	39.888100	0.211487
0.198780	39.889000	0.174502
0.199080	40.021600	0.217638
0.199530	39.851100	0.254227
0.199610	39.676400	0.246154
0.199700	39.896500	0.171550
0.200770	39.683700	0.194976
0.200830	39.983800	0.252956
0.200870	39.767200	0.316127
0.201280	39.857500	0.216953
0.202310	39.618400	0.198124
0.202490	39.994900	0.159703
0.202790	39.837300	0.184965
0.203200	39.965800	0.146626
0.203290	39.882200	0.166845
0.203310	39.927700	0.173799
0.203340	39.933500	0.216127
0.203820	39.904100	0.171481
0.204690	39.880900	0.160012
0.204830	39.842700	0.202322
0.205230	40.166100	0.227714
0.205620	39.812600	0.174944
0.206910	39.922500	0.279831
0.207480	40.316000	0.333666
0.207510	40.072500	0.148972
0.208400	39.729900	0.272182
0.208560	39.875800	0.146778
0.208680	40.103400	0.239508
0.208700	39.863900	0.197696
0.208790	39.879800	0.159650
0.209480	39.841300	0.262138
0.210150	40.147900	0.148877
0.210370	39.454300	0.186032
0.210840	39.963200	0.223017
0.210950	39.806000	0.155718
0.211140	39.955200	0.163264
0.211340	40.141500	0.266119
0.211740	39.967600	0.230498
0.212000	39.913600	0.194498
0.212250	39.937400	0.243726
0.213500	40.021800	0.165280
0.213650	40.008400	0.190330
0.213980	39.887400	0.197488
0.214400	40.017900	0.298904
0.215070	39.882500	0.477887
0.215210	40.464100	0.229430
0.215780	40.225300	0.258716
0.216500	39.825300	0.141535
0.216890	40.067200	0.190384
0.216920	40.093200	0.185301
0.217420	40.139500	0.269611
0.217940	39.994200	0.174837
0.218450	40.221600	0.204417
0.218810	40.141600	0.247596
0.218970	40.192500	0.240729
0.218980	40.129200	0.218822
0.218990	40.029600	0.130815
0.219410	40.004800	0.208962
0.219500	40.109800	0.160031
0.219720	40.061600	0.124319
0.219780	40.088200	0.173376
0.219900	40.238700	0.220195
0.220170	39.922800	0.242946
0.220660	40.187600	0.225274
0.220830	40.079800	0.266821
0.221320	40.044100	0.143254
0.221320	40.058800	0.204756
0.221500	40.193700	0.166162
0.222990	40.325700	0.281229
0.223490	40.151100	0.167278
0.223850	40.016200	0.172818
0.224490	40.129300	0.197210
0.224490	39.944900	0.245775
0.224930	40.112600	0.160616
0.225420	40.149100	0.174035
0.225430	40.132900	0.188923
0.225510	40.185600	0.197444
0.225780	39.986500	0.175963
0.226450	40.391200	0.201078
0.227260	40.097000	0.228488
0.228180	40.223600	0.183395
0.228650	40.160400	0.308241
0.229280	40.222900	0.202405
0.229780	40.135100	0.188066
0.230200	40.128300	0.227444
0.230410	40.306200	0.260109
0.230820	40.071700	0.296847
0.230860	40.104900	0.204707
0.230920	40.295800	0.226289
0.231250	40.316900	0.189753
0.231620	40.201000	0.226906
0.231640	40.087500	0.237265
0.232050	40.204500	0.159507
0.232820	39.834100	0.180906
0.233670	40.185700	0.255059
0.233780	40.414800	0.196370
0.233910	40.178800	0.292139
0.233950	40.138900	0.214099
0.234720	40.191200	0.327990
0.234810	40.278400	0.167703
0.234940	40.158000	0.183242
0.235200	40.162900	0.275154
0.235560	40.233600	0.214202
0.236390	40.380500	0.155735
0.236620	40.263600	0.156727
0.236640	40.467400	0.193131
0.236850	40.119000	0.236651
0.236930	40.227900	0.210237
0.237210	40.224500	0.203948
0.237460	40.736500	0.305716
0.237890	40.231700	0.172272
0.239500	39.905900	0.208409
0.239810	40.130000	0.180786
0.240200	40.384700	0.264226
0.240850	40.401600	0.166736
0.241220	40.329100	0.130654
0.241510	40.121400	0.184136
0.241640	40.172000	0.261675
0.242200	40.564000	0.221356
0.242800	40.421700	0.219858
0.242840	40.573400	0.259119
0.243290	40.251600	0.143114
0.243540	40.538000	0.306318
0.244100	40.295600	0.242814
0.244440	40.206400	0.221704
0.244590	40.126300	0.186144
0.245110	40.333600	0.209543
0.245230	40.495700	0.181643
0.245530	40.358200	0.219468
0.245850	40.431800	0.167359
0.246170	40.347300	0.149416
0.246500	40.378000	0.171350
0.246560	40.282900	0.214739
0.246600	40.390700	0.155150
0.247110	40.198300	0.137434
0.248460	40.203000	0.177170
0.248600	40.491200	0.215929
0.248610	40.427600	0.195634
0.248620	40.365700	0.261564
0.248650	40.325600	0.178325
0.248960	40.427000	0.180619
0.249090	40.316700	0.167358
0.249720	40.673300	0.220606
0.249830	40.296100	0.206796
0.249860	40.391500	0.163714
0.250190	40.596500	0.224495
0.250220	40.376400	0.218218
0.250430	40.414500	0.179616
0.250510	40.569200	0.188725
0.250630	40.300900	0.188277
0.250900	40.387300	0.202604
0.251990	40.469800	0.207347
0.252600	40.462200	0.166497
0.252600	40.406600	0.259149
0.253300	40.368800	0.157050
0.253580	40.030300	0.262822
0.254070	40.454600	0.167762
0.256160	40.645800	0.194176
0.256200	40.559300	0.271675
0.256370	40.372900	0.207312
0.256830	40.502300	0.251739
0.257310	40.577600	0.249962
0.257360	40.494100	0.193606
0.257720	40.608800	0.225310
0.258130	40.528000	0.231214
0.258590	40.466300	0.209281
0.258650	40.510000	0.149785
0.259040	40.541800	0.163699
0.259190	40.287900	0.178603
0.259230	40.425500	0.162943
0.259480	40.523800	0.233841
0.259520	40.442000	0.169977
0.260620	40.503300	0.171288
0.260940	40.612800	0.185932
0.261410	40.447000	0.207526
0.261620	40.418200	0.225542
0.261720	40.687400	0.258941
0.261730	40.681000	0.233293
0.261750	40.392000	0.226027
0.261840	40.693500	0.249126
0.262000	40.721600	0.216893
0.263030	41.264100	0.514634
0.263230	40.638800	0.170092
0.263600	40.399700	0.177345
0.263930	40.558800	0.167704
0.263970	40.303500	0.205843
0.264080	40.634200	0.381046
0.264190	40.507400	0.238455
0.264600	40.515300	0.197965
0.264630	40.671900	0.256474
0.265820	40.608700	0.219728
0.265830	40.324400	0.206109
0.266400	40.290100	0.264978
0.267000	40.546300	0.204902
0.267910	40.510300	0.202065
0.268180	40.462300	0.232043
0.268590	40.579000	0.191142
0.268600	40.455300	0.240404
0.268870	40.603900	0.217156
0.270200	40.636300	0.197002
0.270210	40.508900	0.164866
0.270570	40.513900	0.209310
0.270940	40.488700	0.166124
0.271410	40.567700	0.123404
0.272760	40.541500	0.173203
0.273510	40.472100	0.208686
0.274560	40.739900	0.293068
0.275090	40.776900	0.239421
0.275160	40.528600	0.241865
0.275850	40.663100	0.213576
0.276310	40.674900	0.180061
0.276680	40.850400	0.272235
0.277760	40.618600	0.244740
0.277820	40.918700	0.178030
0.279350	40.703700	0.164335
0.279900	40.505600	0.199320
0.279950	40.566400	0.153331
0.280600	40.666300	0.153096
0.281320	40.622400	0.174763
0.282070	40.598600	0.166629
0.282660	40.744000	0.297355
0.283440	40.659600	0.184378
0.284050	40.573500	0.154134
0.284460	40.543100	0.186562
0.284460	40.691900	0.207090
0.284780	41.113500	0.351325
0.285570	40.704600	0.185989
0.285880	40.671000	0.173206
0.286650	40.638900	0.217509
0.287340	40.569100	0.250397
0.287580	40.537900	0.238886
0.287750	40.875300	0.227224
0.288140	40.707500	0.188011
0.288440	40.749000	0.137848
0.288540	40.745800	0.165419
0.288940	40.943300	0.226038
0.289010	40.742800	0.228497
0.289050	40.676300	0.168052
0.289070	40.702000	0.277224
0.289490	40.976500	0.256114
0.289950	40.739300	0.271437
0.290080	40.729800	0.234493
0.290450	40.786100	0.230850
0.291230	40.484000	0.219145
0.291930	40.760600	0.177707
0.291960	40.765300	0.172199
0.292150	40.750500	0.483728
0.292210	40.422900	0.292471
0.292510	40.637800	0.228825
0.292560	40.695200	0.224836
0.292930	40.745800	0.174302
0.292980	40.826800	0.203556
0.293650	40.857000	0.204834
0.295040	40.762000	0.173778
0.295800	41.020900	0.307913
0.295870	40.998900	0.165779
0.296470	40.993800	0.366054
0.296920	40.659500	0.202621
0.296950	40.750500	0.210501
0.298530	41.270500	0.232731
0.298550	40.653900	0.272883
0.298930	40.919500	0.255050
0.299330	41.011300	0.341681
0.299450	41.021300	0.195981
0.299470	40.733500	0.186464
0.300200	40.983700	0.198158
0.300300	40.879500	0.247188
0.300890	41.172900	0.294726
0.301420	40.858500	0.191702
0.301520	41.108600	0.206046
0.302510	40.889400	0.224750
0.303040	40.820400	0.274703
0.303520	40.920400	0.142521
0.303650	41.077800	0.197526
0.304040	40.719000	0.222090
0.304060	40.705200	0.182517
0.304760	41.041100	0.242802
0.304860	40.901800	0.140115
0.305260	40.592400	0.306711
0.305380	40.905400	0.133839
0.305480	41.004100	0.226225
0.305810	40.945100	0.165493
0.306520	40.895900	0.201565
0.306810	41.160000	0.239095
0.306910	40.957300	0.150058
0.308180	41.201800	0.139651
0.308340	40.953300	0.254065
0.308780	40.995400	0.152417
0.309220	41.046000	0.250639
0.309380	40.975700	0.270379
0.309490	41.017700	0.300429
0.309620	40.720000	0.257177
0.310520	40.619700	0.336421
0.310610	40.996200	0.221391
0.310880	41.046000	0.182638
0.311440	41.012300	0.141744
0.311790	41.037700	0.210925
0.312030	40.950300	0.160446
0.312620	40.956500	0.149709
0.312670	41.035200	0.279475
0.312700	40.623900	0.206200
0.312960	41.019500	0.203499
0.313030	41.006100	0.176794
0.313870	41.022800	0.214434
0.314530	41.125100	0.155711
0.315060	41.019400	0.227804
0.315200	40.883700	0.219964
0.315880	41.203300	0.233304
0.315930	40.933000	0.227638
0.316230	41.197900	0.274091
0.317820	41.073800	0.195921
0.318040	41.077200	0.167213
0.318220	41.019900	0.153489
0.318500	41.334500	0.327925
0.319010	41.141000	0.177674
0.319010	40.894100	0.203876
0.320960	41.231500	0.207296
0.321040	40.954600	0.156373
0.321180	41.192100	0.293444
0.322060	40.727100	0.199265
0.322230	40.862800	0.158186
0.322230	40.877400	0.138773
0.322760	40.931600	0.211904
0.324460	41.069900	0.126468
0.325480	41.227300	0.193265
0.325600	41.262500	0.255286
0.325800	41.163900	0.271274
0.325810	41.047800	0.141716
0.326320	41.050400	0.157201
0.328040	41.000200	0.171833
0.328420	41.307900	0.308428
0.328480	41.351000	0.278699
0.328510	40.934000	0.295651
0.328680	41.071600	0.150485
0.328680	41.100000	0.144172
0.328710	40.927600	0.222195
0.329070	41.056600	0.165152
0.329410	41.410900	0.310571
0.329520	41.239100	0.162498
0.329680	41.103100	0.114803
0.329950	40.844400	0.209813
0.330470	41.230600	0.131607
0.330560	41.167400	0.214426
0.330630	41.168900	0.231090
0.330890	41.158600	0.239453
0.330900	40.996000	0.212048
0.331030	41.009800	0.137116
0.331470	41.030100	0.218692
0.331470	41.233500	0.285481
0.331470	41.101200	0.166036
0.331890	41.014900	0.143999
0.332370	40.977000	0.159233
0.332980	41.329900	0.201675
0.333500	41.002500	0.141896
0.333500	41.036600	0.176123
0.334500	41.120400	0.235720
0.334980	41.025100	0.171864
0.335100	41.024200	0.177927
0.336710	41.036700	0.184240
0.337490	41.167800	0.278653
0.337510	41.009800	0.237240
0.337620	41.147700	0.176101
0.337780	41.153700	0.233862
0.338180	41.145000	0.211242
0.338480	41.113100	0.200412
0.338970	41.055500	0.356511
0.340610	41.173700	0.192422
0.340980	41.058700	0.194300
0.341110	41.064100	0.255103
0.341690	41.212200	0.321008
0.344460	41.308100	0.152468
0.344480	41.291400	0.299203
0.344870	41.233300	0.171671
0.345450	41.203300	0.230210
0.346020	41.331800	0.136683
0.346960	41.416300	0.370346
0.347170	41.117400	0.244272
0.348810	41.372100	0.218415
0.349100	41.249900	0.158604
0.349120	41.282000	0.206036
0.349320	41.140600	0.157954
0.349390	41.203300	0.168604
0.349490	41.005000	0.226318
0.349490	41.375600	0.171432
0.349490	41.152600	0.205831
0.349680	41.487300	0.287684
0.350150	41.186700	0.147015
0.350590	41.234200	0.163121
0.350990	41.253200	0.161378
0.351490	41.479800	0.209505
0.351490	41.334300	0.138963
0.353720	41.365700	0.191944
0.355190	41.464700	0.223042
0.357740	41.357400	0.291964
0.358000	41.353900	0.215252
0.358420	41.242300	0.215992
0.358500	41.148400	0.288995
0.359090	41.153200	0.305677
0.359090	41.442900	0.171109
0.359460	41.421300	0.154470
0.360170	41.187000	0.191161
0.360340	41.079100	0.230289
0.360910	41.432800	0.197529
0.361470	41.115900	0.288022
0.362800	41.245200	0.209997
0.363250	41.364000	0.215101
0.364990	41.462600	0.291566
0.366230	41.136000	0.226225
0.366560	41.232700	0.155657
0.367130	41.208800	0.151911
0.367900	41.262700	0.165575
0.367990	41.469900	0.158375
0.368390	41.547900	0.336428
0.368570	41.463000	0.345551
0.369620	41.449800	0.244353
0.369870	41.218500	0.255045
0.370230	41.379400	0.188778
0.370520	41.375900	0.163241
0.370530	41.383300	0.160025
0.370570	41.639500	0.256631
0.370620	41.273000	0.282407
0.370620	41.069800	0.135854
0.370950	41.409800	0.390520
0.371380	41.334000	0.168104
0.371530	41.384200	0.116639
0.371530	41.428900	0.165418
0.373530	41.311400	0.133039
0.374360	41.472200	0.234786
0.376760	41.415500	0.154710
0.378050	41.359800	0.223183
0.378520	41.427100	0.182401
0.379910	41.295900	0.219919
0.379970	41.415400	0.163795
0.380610	41.461400	0.188044
0.380920	41.451100	0.201434
0.381290	41.454900	0.204130
0.381530	41.677500	0.218983
0.381850	41.561500	0.198898
0.382480	41.372600	0.265174
0.382910	41.367800	0.206585
0.384020	41.518200	0.201840
0.386000	41.521700	0.152114
0.386720	41.379100	0.270807
0.387440	41.556700	0.273474
0.387810	41.630200	0.283892
0.388950	41.383000	0.199578
0.389490	41.544000	0.192176
0.392550	41.474200	0.237288
0.395100	41.467700	0.203648
0.397060	41.259000	0.168535
0.399440	41.711900	0.287820
0.400500	41.491800	0.158339
0.402210	41.479500	0.199524
0.402930	41.547800	0.290402
0.403680	41.616000	0.213828
0.404630	41.674700	0.166047
0.404830	41.337300	0.202033
0.405500	41.780700	0.135518
0.406460	41.691400	0.168815
0.408950	41.700200	0.240024
0.409200	41.740500	0.363654
0.409350	41.706100	0.274957
0.409490	41.678400	0.172193
0.410040	41.683600	0.279968
0.411230	41.662000	0.318089
0.411400	41.833500	0.242677
0.411610	41.813100	0.149106
0.412660	41.789300	0.330128
0.416570	41.729500	0.149208
0.418570	41.617400	0.202099
0.419360	41.686300	0.192599
0.419390	41.460400	0.222640
0.419600	41.866200	0.224621
0.419650	41.798100	0.235757
0.419950	41.439400	0.294415
0.420360	41.834300	0.344188
0.420880	41.617800	0.176430
0.420940	41.728000	0.250117
0.421950	41.533600	0.270821
0.422470	41.648300	0.231707
0.422490	41.679600	0.275449
0.423480	41.595500	0.186465
0.423600	41.840300	0.400817
0.423990	41.726400	0.134170
0.424590	41.748300	0.195831
0.425680	41.703900	0.195468
0.426020	41.751700	0.175449
0.427000	41.813000	0.229539
0.427030	41.834800	0.198324
0.427930	42.275700	0.238610
0.428590	41.882500	0.403543
0.428950	41.644300	0.193398
0.429030	41.826600	0.250757
0.429760	41.921900	0.198070
0.430200	41.835400	0.165783
0.434940	41.782800	0.183674
0.435460	41.583900	0.133650
0.436830	42.005100	0.181800
0.437600	41.625300	0.166140
0.437830	41.882000	0.356877
0.438900	41.467900	0.211194
0.438910	41.668200	0.279961
0.439350	41.826200	0.202784
0.440130	42.140100	0.441915
0.440670	41.636400	0.160177
0.441490	41.682300	0.183572
0.442450	41.852300	0.172891
0.442630	41.903900	0.139699
0.443610	41.793000	0.182219
0.443910	41.806900	0.290347
0.447640	41.855200	0.223954
0.448860	41.885300	0.221814
0.448910	41.987500	0.215648
0.450680	41.644600	0.157686
0.451060	41.928100	0.213431
0.451620	41.589200	0.225346
0.451620	41.992300	0.154715
0.451630	41.716200	0.305385
0.452180	41.995900	0.320076
0.453280	41.795300	0.207786
0.453460	41.886300	0.144110
0.454580	41.787300	0.209236
0.454770	41.883900	0.284149
0.458850	41.967900	0.252185
0.460640	42.002100	0.190943
0.461040	42.016200	0.230251
0.461640	41.983900	0.138441
0.466430	42.342400	0.396492
0.466540	42.048000	0.135922
0.468420	41.973300	0.206146
0.468870	41.763100	0.234035
0.470420	42.215100	0.404516
0.470650	42.013500	0.180637
0.471630	41.979800	0.210913
0.472040	42.037400	0.256910
0.475650	41.938000	0.177112
0.477860	42.226900	0.228278
0.479410	41.869500	0.203883
0.479460	42.010700	0.198987
0.479880	41.895600	0.237796
0.480640	42.004100	0.160362
0.480650	41.974800	0.139221
0.481640	42.305500	0.210887
0.488880	42.084200	0.199732
0.492440	42.278300	0.335403
0.494990	42.082100	0.165011
0.495660	42.145300	0.120919
0.495790	42.081700	0.153945
0.497390	42.126800	0.225856
0.500670	42.257000	0.253816
0.500980	42.116500	0.283133
0.502820	42.161000	0.218549
0.502850	42.070300	0.312874
0.503060	42.148400	0.311282
0.503160	42.144400	0.228687
0.505930	42.079000	0.166703
0.506150	42.104300	0.151709
0.507250	42.235800	0.180974
0.507390	42.241900	0.288822
0.508250	42.019300	0.184312
0.510160	42.094500	0.144405
0.510950	42.058300	0.239085
0.511690	42.388500	0.227281
0.513870	42.256700	0.359660
0.514370	42.225900	0.196162
0.514690	42.325900	0.402924
0.517260	42.093200	0.190441
0.518830	42.194900	0.250421
0.518850	42.182400	0.209558
0.519410	42.243800	0.315111
0.519680	42.290500	0.196455
0.522710	42.349600	0.273927
0.524000	42.177400	0.369236
0.526200	42.170200	0.223271
0.528590	42.085500	0.188829
0.529370	42.291300	0.141023
0.530990	41.880200	0.234310
0.531110	42.510900	0.289268
0.531240	42.525300	0.380930
0.532250	41.982100	0.221979
0.532710	42.247200	0.294354
0.533720	42.164900	0.273819
0.534350	42.143300	0.225295
0.535340	42.320500	0.204703
0.535720	42.213400	0.209507
0.539420	42.333800	0.244476
0.540970	42.279100	0.233447
0.541520	42.530000	0.242470
0.545450	42.563300	0.191404
0.548340	42.023500	0.363222
0.548810	42.169500	0.378555
0.550210	42.325300	0.195880
0.550330	42.372800	0.208456
0.550460	42.410400	0.376261
0.552670	42.193800	0.244151
0.553750	42.490000	0.207133
0.553840	42.082700	0.177409
0.557820	42.438900	0.195189
0.558820	42.733100	0.383300
0.558820	42.297500	0.356215
0.561810	42.293700	0.227829
0.562690	42.601600	0.265242
0.562830	42.429600	0.234712
0.564370	42.392800	0.221111
0.564370	42.488100	0.207587
0.564370	42.396900	0.296515
0.564810	42.487300	0.192750
0.568790	42.240700	0.262337
0.575420	42.191200	0.452867
0.575770	42.591500	0.213158
0.576190	42.488700	0.202103
0.576680	42.426300	0.166843
0.577370	42.645000	0.290949
0.578300	42.417400	0.244850
0.578310	42.451200	0.241176
0.578820	42.427200	0.214391
0.578910	42.531700	0.231686
0.579670	42.392300	0.231160
0.580670	42.573000	0.262496
0.580800	42.706100	0.239821
0.583010	42.540800	0.168029
0.583300	42.797400	0.186201
0.583820	42.476500	0.198486
0.583820	42.648900	0.184752
0.583900	42.419900	0.199369
0.585820	42.707000	0.372970
0.587300	42.624100	0.203038
0.588790	42.502100	0.220032
0.590290	42.515600	0.248253
0.591790	42.450800	0.255828
0.600670	42.611600	0.278838
0.601550	42.756200	0.394779
0.603280	42.750300	0.200100
0.606260	42.615800	0.275076
0.608270	42.590400	0.228388
0.608760	42.428200	0.350327
0.608780	42.617900	0.230751
0.609810	42.687600	0.321483
0.610710	42.668600	0.184238
0.611270	42.904900	0.247686
0.611770	42.701000	0.164440
0.615770	42.708500	0.347272
0.618750	42.716400	0.388756
0.619410	42.694800	0.275300
0.619830	42.755700	0.154862
0.620700	42.698800	0.268136
0.621830	42.589400	0.275623
0.625250	42.657700	0.215148
0.627250	42.585000	0.244041
0.630770	42.663200	0.202856
0.631830	42.311100	0.326950
0.632250	42.849300	0.323662
0.633990	42.597200	0.147609
0.637770	42.529800	0.442879
0.637940	42.863700	0.310820
0.638240	42.659400	0.367516
0.638730	42.780400	0.261646
0.639340	42.790000	0.171844
0.641850	42.847600	0.256941
0.643110	42.360900	0.407842
0.643710	42.799200	0.309841
0.643710	42.803400	0.316528
0.647700	42.819000	0.288435
0.648520	43.039700	0.272369
0.648700	42.733500	0.310678
0.649620	42.780500	0.149571
0.662130	42.979300	0.279772
0.664700	42.869800	0.233989
0.670720	43.067700	0.274795
0.677730	43.225100	0.311797
0.681900	42.837600	0.239367
0.683720	43.171600	0.407734
0.685190	43.016600	0.366173
0.688720	42.813700	0.226508
0.689350	42.853500	0.156770
0.689360	43.044400	0.271991
0.690720	42.914300	0.425857
0.693180	42.916200	0.318024
0.697180	42.969200	0.212738
0.698180	42.967100	0.342807
0.699180	42.940200	0.338462
0.699180	43.069100	0.215345
0.699320	43.110700	0.155898
0.699920	43.114700	0.295380
0.700700	42.917000	0.223194
0.701170	43.096800	0.261582
0.701920	42.896200	0.462713
0.701920	43.043300	0.252753
0.715710	42.994400	0.245932
0.718740	42.873900	0.188430
0.719680	43.163800	0.204549
0.719690	42.970000	0.342226
0.720150	43.161200	0.243162
0.720740	43.045900	0.305174
0.726740	43.081100	0.248363
0.727740	43.008000	0.257091
0.728660	43.005000	0.283498
0.730140	42.918600	0.321961
0.731610	43.179900	0.196424
0.733680	42.984500	0.195902
0.733950	43.220000	0.388289
0.734950	43.253700	0.224615
0.735680	43.180700	0.257110
0.735960	43.167500	0.425639
0.736750	42.992000	0.214890
0.741960	43.481300	0.325140
0.742760	43.082500	0.327179
0.745730	43.167500	0.195179
0.746070	42.981700	0.254740
0.749110	42.939600	0.262488
0.749300	43.177200	0.163225
0.750740	42.901200	0.318716
0.758990	43.246900	0.233153
0.760760	43.066700	0.201161
0.761100	43.176700	0.236628
0.761650	43.131000	0.239872
0.765660	43.236900	0.225434
0.766660	43.422400	0.250162
0.766740	43.362300	0.270250
0.767090	43.558700	0.257150
0.768650	43.292900	0.311675
0.769320	43.216800	0.162741
0.773090	43.356800	0.295081
0.779290	43.039500	0.311092
0.788070	43.304200	0.232049
0.789070	43.383700	0.271177
0.789280	43.199500	0.165559
0.796620	42.902600	0.372096
0.798630	43.433800	0.288144
0.839810	43.360000	0.211845
0.839810	43.201200	0.390423
0.854820	43.616800	0.299913
0.935850	43.533100	0.239939
0.974230	44.111100	0.201519
1.012420	44.117700	0.367085
1.019880	44.275700	0.225903
1.020880	43.970600	0.475470
1.027890	44.536400	0.353385
1.048170	44.422900	0.488758
1.120920	44.440500	0.223630
1.232250	44.320700	0.610496
1.235970	44.905000	0.273735
1.299110	44.864100	0.275291
1.304100	44.720600	0.316517
1.306110	45.019700	0.445162
1.313170	44.786700	0.316349
1.329100	44.874500	0.238344
1.341010	44.754100	0.306395
1.351360	44.549200	0.318460
1.356080	44.809400	0.238282
1.391030	44.794400	0.374345
1.416330	44.457900	0.735776
1.542900	45.090200	0.371014
1.549010	45.293000	0.233771
1.615050	45.159500	0.333024
1.697060	45.286300	0.380480
1.801190	45.486500	0.281981
1.911650	45.423300	0.358642
2.261370	46.182800	0.281309
