0.50349 0.504299 42.28445
 0.4952 0.496005 42.2302
 0.6782 0.678997 43.3877
 0.8672 0.868006 43.69685
 0.7992 0.799997 43.7105
0.37129 0.370894 41.63785
0.35568 0.355297 41.40915
0.28391 0.284998 40.75915
0.46691 0.467996 42.56635
0.94791 0.948999 43.76155
0.69391 0.694998 43.14645
0.89791 0.898999 43.75275
0.78991 0.791003 43.5688
0.59091 0.591996 42.6854
0.2102 0.210999 39.99495
0.8592 0.86 43.4737
0.5592 0.560004 42.5148
0.9972 0.998006 44.04965
0.5834 0.5842 42.69385
0.7972 0.798005 43.20445
0.9142 0.914998 43.72895
0.94921 0.950003 44.01675
0.7342 0.735002 43.1981
0.7662 0.766999 43.45805
0.9842 0.985003 44.178
0.7012 0.702004 43.0992
0.83716 0.835995 43.5045
0.37016 0.368994 41.4901
0.35816 0.356996 41.30965
0.52216 0.520995 42.50915
0.70116 0.699997 43.0615
0.74526 0.744096 43.1556
0.59116 0.589999 42.5929
0.62039 0.62 42.8614
1.0024 1.002004 44.4298
0.6104 0.610001 42.82615
0.35819 0.357796 41.3194
0.45138 0.450997 41.7659
0.55239 0.552001 42.33515
0.75039 0.750001 43.113
0.82238 0.821998 43.6856
0.95039 0.949999 44.03515
0.34039 0.340003 41.2963
0.8104 0.810003 43.4295
0.61191 0.613 43.0892
0.54891 0.549997 42.2426
1.02991 1.030999 44.0789
0.42291 0.424003 41.70675
0.70191 0.702998 43.25875
0.68591 0.686995 43.194
0.93291 0.934001 43.89795
0.74991 0.751001 43.16055
0.46891 0.47 42.08255
0.95991 0.961002 44.15665
0.8412 0.842003 43.57255
0.5632 0.563999 42.5928
0.8292 0.830004 43.74785
0.57921 0.580004 42.57495
0.8652 0.866006 43.7193
0.8592 0.860003 43.7942
0.58621 0.587002 42.9194
0.4892 0.490006 42.2153
0.68921 0.690005 42.9632
0.32416 0.322995 41.14365
0.18516 0.183995 39.8058
0.68116 0.679997 42.94755
0.92116 0.920002 43.705
0.42816 0.427 42.101
0.69916 0.697999 43.30255
0.57516 0.573995 42.73495
0.51116 0.509997 42.46305
0.64116 0.639999 42.97155
0.35116 0.349997 41.5772
0.34916 0.347998 41.49445
0.35486 0.3537 41.58665
0.87116 0.870002 43.6902
0.92516 0.923999 44.1187
 0.4194 0.419 41.94095
0.89038 0.889995 43.5304
0.48038 0.479997 42.1252
0.58038 0.579999 42.71785
0.80538 0.804996 43.44575
0.66438 0.663998 42.9837
0.74538 0.744999 43.35735
 0.7364 0.736003 43.12845
0.37039 0.370003 41.39575
0.85039 0.849996 43.66865
0.21938 0.219002 40.1969
0.64739 0.647002 42.9759
0.60038 0.600004 42.7522
0.76039 0.759994 43.27525
0.47039 0.470001 42.154
0.49791 0.498998 42.2775
0.50791 0.508995 42.3205
0.58791 0.588995 42.79375
0.69992 0.701005 43.12905
0.76191 0.763 43.40415
0.78891 0.79 43.4569
0.40591 0.406998 41.914
0.80892 0.810004 43.90735
0.58392 0.585005 42.9581
0.72091 0.721996 43.3726
0.83791 0.839001 43.6554
0.80691 0.808 43.6044
0.50016 0.499001 42.4005
0.53316 0.532 42.2845
0.82116 0.819997 43.5176
0.12516 0.123998 38.8184
0.44316 0.441996 41.92415
0.68339 0.682999 43.2941
0.72639 0.725997 43.25005
0.40439 0.404 41.79625
0.69038 0.689995 43.1027
0.57639 0.576002 42.5937
0.72039 0.719995 43.22645
0.55091 0.552002 42.51815
0.8489 0.849995 43.6605
0.43591 0.436997 41.71675
0.30191 0.302999 40.99245
0.58119 0.581997 42.87355
0.34621 0.347006 41.46525
 0.3312 0.332002 41.1329
0.44939 0.449003 42.13895
 0.2916 0.291199 40.82215
0.46109 0.460698 41.97945
0.63291 0.633997 43.01065
0.26891 0.27 40.5262
0.92591 0.926997 44.0916
0.62591 0.627002 42.81015
0.60891 0.609996 42.7267
0.57891 0.579997 42.5873
 0.7202 0.720998 43.17525
 0.7672 0.767998 43.59705
 0.3682 0.369001 41.59455
 0.8492 0.850006 43.68175
0.77721 0.778001 43.4442
0.58421 0.585003 42.6186
 0.5892 0.590005 42.65085
 0.7692 0.769999 43.5578
0.5142 0.514997 42.47745
0.63821 0.639003 42.72
0.43521 0.436004 41.9123
0.58421 0.585003 42.81355
0.66259 0.663397 43.09875
0.62116 0.619997 42.7608
0.41616 0.415 41.8654
0.45117 0.450004 41.71265
0.73316 0.732001 43.39855
0.74116 0.739999 43.61275
0.34916 0.347996 41.09
0.51416 0.512999 42.53845
0.64339 0.642997 42.95755
 0.4704 0.470002 42.00205
0.26338 0.262995 40.50515
 0.7424 0.742 43.27255
0.91039 0.909997 43.9616
 0.3374 0.337001 41.2637
0.98339 0.982999 44.27305
0.81338 0.812997 43.61675
 0.8174 0.816998 43.6931
0.96038 0.959998 43.9236
0.75639 0.755999 43.38965
0.87891 0.879995 43.77165
0.80991 0.811003 43.55795
0.62791 0.628997 42.7634
0.93491 0.936001 44.1153
0.69791 0.698997 43.13265
0.76791 0.769004 43.7349
0.86491 0.866 43.74625
0.51491 0.516002 42.33745
0.47091 0.472004 42.4505
0.92891 0.93 44.1289
 0.6312 0.631997 42.7592
 0.6162 0.617005 42.91625
 0.5652 0.566004 42.6391
0.55819 0.558997 42.5994
 0.7362 0.737002 43.41925
 0.2622 0.263005 40.50835
 0.7622 0.763006 43.32575
 0.8592 0.859998 43.89425
 0.5592 0.560006 42.9561
0.48016 0.479001 42.09835
0.92116 0.919996 43.92175
0.47516 0.473995 42.0452
0.89216 0.890999 43.9281
0.63116 0.629999 42.5117
0.73516 0.733995 43.37845
0.41816 0.417 41.73625
0.53516 0.533999 42.33355
0.73416 0.733001 43.44175
0.60916 0.607997 42.8947
0.70116 0.699995 43.1887
0.98216 0.981002 44.13095
0.75816 0.756997 43.4057
0.64339 0.643 42.9545
0.51539 0.515003 42.37365
0.80538 0.804995 43.3639
0.80039 0.800003 43.17255
0.71538 0.715001 43.19395
0.76639 0.766003 43.5807
0.90139 0.901003 43.8628
0.71839 0.717995 43.03915
0.57938 0.579 42.5279
0.96038 0.960003 44.15925
0.64839 0.648002 42.88665
0.93639 0.936001 43.8217
0.46138 0.460995 42.11265
0.67039 0.669999 43.13495
0.24639 0.245995 40.51055
0.63892 0.640003 42.84005
0.53591 0.537005 42.41945
0.77391 0.774997 43.52605
0.37091 0.372001 41.50255
0.69992 0.701003 43.23895
0.37391 0.374998 41.46185
0.85391 0.854998 43.6552
0.60392 0.605003 42.93805
0.53491 0.536 42.2723
0.40091 0.401997 41.6101
0.37191 0.373003 41.55135
0.84091 0.841999 43.3753
0.53216 0.531 42.409
0.93116 0.929998 44.054
0.55316 0.551995 42.6338
0.84116 0.839999 43.6761
0.72739 0.727 43.2187
0.44238 0.442001 42.02285
 0.2824 0.282002 40.9246
 0.5194 0.518999 42.38865
1.06039 1.060002 44.0373
0.26838 0.267995 40.59725
 0.2504 0.250002 40.5263
0.69892 0.700004 43.1424
0.73091 0.731997 43.1184
0.99891 1.000003 43.9622
0.40991 0.411001 41.801
0.12694 0.128104 38.8929
0.25609 0.257302 40.6844
0.08848 0.089686 37.99345
0.11797 0.119199 38.54345
0.18322 0.183882 39.6451
 0.1407 0.141761 39.221
0.15186 0.152851 39.1433
0.09401 0.095007 38.239
0.28662 0.287693 41.0327
0.26349 0.264684 40.7076
 0.1431 0.143622 39.14675
0.16035 0.16133 39.2829
0.12303 0.124072 38.7448
0.12608 0.126548 38.71855
0.17315 0.174222 39.50345
0.16431 0.165344 39.38175
 0.1599 0.160857 39.27285
0.24448 0.24498 40.21815
0.24835 0.249544 40.33175
0.27544 0.276662 40.72075
0.33051 0.331628 41.2821
0.33103 0.332056 41.17885
0.16059 0.161794 39.33615
0.21887 0.22003 40.22005
0.11991 0.121096 38.71835
0.17839 0.179577 40.07835
0.27923 0.280071 40.85115
0.18581 0.186811 39.83365
0.06641 0.067035 37.3381
   0.258 0.259194 40.6275
 0.2798 0.281007 40.6273
0.26576 0.266737 40.4109
   0.185 0.186226 39.72525
0.05715 0.057329 37.00695
 0.3264 0.327608 41.0233
0.10886 0.110087 38.5221
0.20323 0.204386 40.0501
0.37986 0.380829 41.48745
 0.2116 0.212477 40.03915
0.21353 0.214726 40.13295
0.14409 0.145221 39.18575
0.25249 0.253698 40.5178
0.25672 0.257921 40.6258
0.21885 0.220014 40.326
0.07883 0.079874 37.8897
0.08282 0.083989 38.0938
0.17028 0.171468 39.5989
 0.2367 0.237838 40.22655
0.30569 0.306692 40.7303
0.08254 0.083497 37.8679
0.18891 0.189638 39.5539
0.08141 0.082633 37.861
0.25655 0.257704 40.6064
0.12622 0.127168 38.93525
0.10264 0.10387 38.51175
0.12455 0.125735 38.8284
0.37046 0.371627 41.81065
0.20215 0.203311 39.73595
 0.1799 0.18062 40.03245
 0.1618 0.162833 39.4859
0.22669 0.227762 40.2271
0.29683 0.297971 40.7949
0.25029 0.251473 40.55115
0.14882 0.150028 39.26815
0.14729 0.148518 39.126
0.21513 0.216177 40.55185
0.14478 0.145848 39.1606
0.13243 0.132935 39.2793
0.21975 0.220905 40.35055
0.38492 0.386084 41.75575
  0.174 0.174889 39.6961
0.17789 0.178836 39.55345
0.29936 0.300196 40.86975
0.11845 0.118944 38.79875
0.17653 0.177014 39.5897
0.24552 0.246586 40.7252
0.19611 0.197182 39.89825
0.24852 0.249347 40.44655
0.30632 0.306839 41.12705
0.24637 0.247215 40.5069
0.13514 0.136217 39.3171
0.21054 0.211747 39.9902
 0.2363 0.237419 40.5047
0.17851 0.17963 39.72535
0.22068 0.221843 40.16795
0.31494 0.315791 41.1701
0.18443 0.185289 39.90175
0.26129 0.262051 40.5536
0.18123 0.181809 39.56145
0.38048 0.381657 41.38255
0.18481 0.185954 39.73765
0.20847 0.209554 40.00465
0.17706 0.177857 39.68625
0.31582 0.316689 41.0668
0.24973 0.250516 40.5176
0.20368 0.204563 40.0009
0.12336 0.124465 38.7698
0.20318 0.203865 39.99385
0.15339 0.154541 39.4726
0.33439 0.33562 41.2849
 0.1958 0.19676 39.8786
0.24973 0.250908 40.4269
0.15509 0.156305 39.3751
0.15596 0.156861 39.33785
0.15837 0.15954 39.16685
0.30938 0.310609 41.1614
0.24857 0.249718 40.4761
0.18507 0.186292 39.66575
0.18376 0.184972 39.8574
0.18079 0.181274 39.72965
0.17696 0.178176 39.63545
0.17768 0.178821 39.4218
 0.0718 0.072676 37.3621
0.13811 0.139146 39.01285
0.1696 0.170713 39.81515
0.24555 0.246714 40.0698
0.14387 0.144671 39.16665
0.25191 0.253014 40.5838
0.03743 0.03705 36.1208
0.27749 0.278675 41.2307
0.28746 0.288624 40.6168
0.19867 0.199782 39.96015
0.15999 0.160857 39.42605
0.21075 0.211784 40.3636
0.23775 0.2387 40.3647
0.15517 0.156344 39.49265
0.09391 0.094906 38.29955
0.15271 0.153896 39.43555
0.25722 0.258369 40.6241
0.21226 0.212868 40.15065
 0.2454 0.245879 40.23445
0.13696 0.138175 39.11485
0.32569 0.326919 41.2551
0.10638 0.107506 38.44035
0.40127 0.402456 41.65585
0.18931 0.190429 39.8364
0.19726 0.198237 39.7852
0.12837 0.128932 38.9116
0.12262 0.123127 38.79025
0.12715 0.127753 38.94325
0.21323 0.213867 40.02635
0.21099 0.212127 40.077
0.26856 0.269695 40.8383
0.20453 0.205641 40.01435
 0.2701 0.27081 40.6359
0.24185 0.242779 40.33075
0.29114 0.2923 40.586
0.35346 0.354598 41.16675
0.28543 0.286649 40.95225
0.21955 0.220738 40.0219
0.17558 0.176784 39.59765
0.23542 0.236507 40.3429
0.15325 0.153953 39.34965
0.21005 0.211166 40.25475
0.29135 0.291854 40.86945
0.31376 0.314512 41.1725
0.13687 0.137945 39.0902
0.29567 0.296875 41.1208
0.30394 0.304775 40.84625
0.20557 0.20676 40.08155
 0.1219 0.123087 38.69125
0.17428 0.175164 39.5869
0.24883 0.24967 40.5528
0.24558 0.246722 40.4659
0.13833 0.139557 39.1995
0.24315 0.244263 40.37795
0.24267 0.243891 40.53455
0.31468 0.315685 40.7118
0.27573 0.276958 40.7985
0.30041 0.301633 40.7704
0.21728 0.218249 40.24395
0.20335 0.204559 39.9234
0.19025 0.19133 39.7561
0.29021 0.290826 40.7214
0.22786 0.228791 40.18435
0.31065 0.311682 40.80975
0.13729 0.13848 39.47265
0.08784 0.08906 38.0296
0.08504 0.0862437.97285
0.19009 0.191177 39.9986
0.09227 0.093243 38.2076
0.12903 0.129669 38.93985
0.26166 0.262781 40.5168
0.26162 0.262782 40.8059
0.19422 0.194793 39.96715
0.14703 0.14788 39.18975
0.21179 0.212956 40.49485
0.17958 0.180326 39.65175
0.19029 0.191003 40.0428
 0.3388 0.339694 41.1397
0.11741 0.118057 38.76925
 0.2889 0.290127 40.8795
0.26405 0.26512 40.6179
0.24961 0.250801 40.73165
0.22967 0.230867 40.2294
0.08543 0.086484 37.958
0.27656 0.277457 40.97545
0.36193 0.362713 41.5244
0.30021 0.300739 40.97535
0.11635 0.116934 38.73465
0.15492 0.156104 39.18105
0.25037 0.251435 40.6482
0.25174 0.252746 40.559
0.12928 0.130407 38.8971
0.30929 0.31044 41.07385
0.29888 0.299821 41.01705
0.27091 0.272141 40.6919
0.29353 0.294713 40.92975
0.18979 0.190754 39.81505
0.12376 0.124407 38.7523
0.31288 0.313731 40.98085
0.30915 0.310259 41.18605
0.20267 0.203825 39.95265
0.21163 0.21276 39.9747
 0.1789 0.180013 39.7525
0.30354 0.304766 41.222
0.21457 0.215748 40.1717
0.32045 0.321626 41.0456
0.21835 0.218886 40.2818
0.07523 0.075943 37.6488
 0.2576 0.258373 40.72115
0.18468 0.185889 39.7147
0.11628 0.117434 38.64475
0.06481 0.065327 37.22655
0.10288 0.104044 38.51045
0.04437 0.045197 36.27415
0.16595 0.167068 39.2845
0.16817 0.169222 39.4023
0.17063 0.171802 39.47375
0.12042 0.121542 38.87005
0.13868 0.139576 39.11995
 0.2338 0.234963 40.27065
0.24643 0.247536 40.3723
0.22286 0.224082 40.4304
0.17915 0.180378 39.6309
0.19718 0.198388 39.9318
0.22916 0.230357 40.34445
0.26451 0.265709 40.80355
0.10337 0.104549 38.45195
0.21338 0.214557 40.08185
0.15653 0.157475 39.294
 0.2434 0.244376 40.59885
0.23652 0.237264 40.5981
0.20852 0.209744 40.05195
0.25104 0.25181 40.7564
0.22534 0.226402 40.211
0.28742 0.288644 40.80405
0.32984 0.331065 41.00335
0.24603 0.247197 40.478
0.11966 0.120853 39.00185
0.32931 0.330531 41.56015
0.21082 0.211378 39.92655
0.20308 0.204254 40.0849
0.28436 0.285517 40.6482
0.18037 0.180963 39.48755
 0.2607 0.261732 40.66275
0.14792 0.149098 39.1903
0.32793 0.329157 41.15515
0.24206 0.243249 40.6952
0.22334 0.224497 40.28075
 0.1828 0.183816 39.93185
0.15304 0.154207 39.3524
0.13818 0.139072 39.05325
0.20735 0.208558 40.38995
0.20313 0.204218 39.99165
0.19801 0.199199 39.84105
0.22256 0.223738 40.2856
 0.2734 0.274598 40.65625
0.18651 0.187733 39.87515
0.15935 0.15982 39.18815
0.21935 0.220445 40.2354
0.17373 0.174808 39.8312
0.24436 0.245419 40.31025
0.13353 0.134481 38.94395
0.28332 0.284019 40.7941
0.17383 0.174844 39.6784
0.19654 0.197759 40.05795
0.36952 0.370275 41.61255
0.20548 0.20629 39.9158
0.17357 0.174692 39.63215
0.12688 0.128097 38.876
0.28434 0.285523 40.824
0.19392 0.194824 39.9458
0.10018 0.101255 38.30705
0.37425 0.37532 41.6547
0.11771 0.118937 38.70185
0.19176 0.192798 39.8815
0.23684 0.237956 40.36435
0.15899 0.160129 39.34615
0.07877 0.079377 38.1076
0.13864 0.139837 39.34935
0.23381 0.234773 40.23475
0.15689 0.158079 39.37475
0.08806 0.088889 37.8309
0.13045 0.130915 39.14635
0.18203 0.182721 39.6859
0.25625 0.256987 40.48985
0.21674 0.217778 40.1623
0.14533 0.146287 39.25865
0.13639 0.137291 38.93645
0.20515 0.20619 40.284
0.36976 0.370763 41.39745
 0.1294 0.13061 38.96205
0.26687 0.26794 40.68225
0.27822 0.278833 40.7366
0.17483 0.17605 39.8556
0.11364 0.114761 38.4771
0.11242 0.113577 38.73095
0.15317 0.154249 39.1924
0.19671 0.197785 40.0879
0.18914 0.190054 40.23525
0.17625 0.176891 39.82675
0.21757 0.218747 40.1309
0.18563 0.186785 39.68785
0.16356 0.164535 39.3737
0.25721 0.258396 40.69695
0.12164 0.122851 38.93065
0.16455 0.165355 39.44405
0.19862 0.199767 39.9907
0.26821 0.26883 40.74935
0.40128 0.402511 41.515
0.14581 0.146844 39.0231
0.05573 0.055889 36.91165
0.22452 0.22573 40.51495
0.28655 0.287713 40.77305
0.18388 0.185096 39.90265
0.10351 0.104715 38.31075
0.33136 0.332589 41.38
0.21865 0.219759 40.11195
0.26357 0.264704 40.385
0.16284 0.16384 39.5983
0.10683 0.107999 38.5684
0.16477 0.165737 39.4349
 0.1075 0.108442 38.59475
0.12899 0.129907 38.8583
0.05948 0.058332 37.06775
0.04093 0.040688 36.4028
0.01705 0.017687 34.20645
0.01531 0.016375 33.94755
0.01472 0.013538 33.9658
0.02673 0.025696 35.32105
0.01732 0.01651 34.2218
0.04437 0.044197 36.07085
0.01567 0.014934 33.7807
0.02477 0.024192 35.0093
  0.038 0.036955 36.1164
 0.0299 0.029862 35.5913
0.01012 0.009351 33.25745
 0.0258 0.028118 35.5148
0.01038 0.01164 33.3996
0.03791 0.03759 35.9351
0.03507 0.033684 35.80115
0.01268 0.013232 33.7986
0.02525 0.024564 35.17815
0.01908 0.019307 34.7034
0.03489 0.032889 35.71835
 0.0295 0.028613 35.6938
0.03416 0.033288 35.92565
0.04067 0.040388 36.1428
0.07515 0.074995 37.2382
0.05581 0.056006 36.58215
0.02529 0.02532 35.1396
0.03501 0.034309 36.0081
0.02846 0.02834 35.3551
 0.0328 0.031058 35.99085
0.03378 0.032294 35.73795
0.04597 0.045894 36.6322
0.04341 0.043064 36.28145
0.05684 0.056939 37.08355
0.02024 0.019483 34.6368
0.03191 0.032233 35.94205
 0.0415 0.039972 36.3467
0.02639 0.025217 35.28305
0.02651 0.025183 35.41745
0.02689 0.026319 35.22545
0.02349 0.023107 34.9736
0.05067 0.049998 36.92225
0.04093 0.037894 36.0802
0.06877 0.067853 37.51815
0.01754 0.016499 34.3341
0.02557 0.024631 35.2107
0.02189 0.021909 34.88085
0.03155 0.03002 35.4779
0.06845 0.067497 37.66035
0.02249 0.02231 34.91975
0.04949 0.048405 36.67405
0.03161 0.031937 35.7236
0.03434 0.034556 35.96295
0.04486 0.044719 36.5555
0.01531 0.014956 34.09935
0.03048 0.031442 35.60295
0.03837 0.037994 36.2521
0.03682 0.036966 36.12055
 0.0221 0.022909 35.1295
0.01402 0.014088 33.99805
 0.0589 0.059931 37.142
0.05895 0.059182 37.1207
0.06888 0.069998 37.5278
 0.0204 0.020699 35.0567
0.02894 0.02852 35.37685
0.02384 0.02414 35.0513
0.01451 0.01587 34.24705
0.032920.031551 35.802
0.06455 0.064297 37.13945
0.01663 0.016341 34.36385
0.05359 0.052936 36.8187
0.03163 0.030908 35.56965
0.02751 0.02696 35.3478
0.02559 0.026299 34.9014
0.02401 0.023617 35.13645
0.03713 0.036215 35.91045
0.03408 0.03351 35.74975
0.02454 0.023459 34.9501
0.01697 0.017842 34.26335
0.01629 0.01712 34.52685
0.03184 0.031022 35.69225
  0.037 0.036627 36.09885
0.02932 0.029145 35.2148
 0.0174 0.018024 34.61595
0.03578 0.035397 35.94205
0.02845 0.029676 35.39785
0.05035 0.04997 36.6403
0.04269 0.041648 36.28325
0.03212 0.033888 35.58615
0.02752 0.027819 35.4169
0.03049 0.029327 35.63725
0.01724 0.016623 34.2794
0.07063 0.069699 37.40925
0.05344 0.052821 36.97205
0.02878 0.026272 35.45835
0.03518 0.034889 35.77245
0.03348 0.033124 35.8302
0.04651 0.045036 36.53185
0.06119 0.060339 37.2746
0.04714 0.046071 36.51275
 0.0212 0.021007 34.7966
0.04028 0.040658 36.1706
0.03863 0.036974 36.21145
0.03314 0.034018 35.74225
0.02414 0.024996 35.03035
0.02837 0.028403 35.4544
0.01043 0.008969 33.2748
0.02038 0.01928 34.77955
 0.0471 0.046046 36.3342
0.03984 0.038518 36.0574
 0.0122 0.012852 33.8066
0.01271 0.011698 33.6311
0.01763 0.017777 34.2854
0.02171 0.021095 34.852
0.01572 0.01647 34.21115
0.01972 0.020639 34.62645
0.01678 0.015366 34.27685
0.01226 0.010865 33.8174
0.05322 0.052892 36.92915
0.03055 0.029997 35.23935
0.03001 0.030986 35.5233
0.01506 0.015526 33.9693
 0.0153 0.01577 34.0205
0.04713 0.04591 36.5179
0.03411 0.03356 35.865
 0.0152 0.014433 33.88545
0.01504 0.014905 34.04915
0.02763 0.028486 35.58455
0.03359 0.034041 35.94355
0.01447 0.01512 33.9908
0.02547 0.024645 35.21575
0.01082 0.010767 33.3586
0.01741 0.017684 34.45
0.02031 0.020263 34.65565
0.04819 0.049448 36.7844
0.02223 0.022579 34.7418
0.02811 0.028734 35.6965
0.05458 0.054458 36.8021
0.05721 0.057827 36.95445
0.02091 0.020776 34.71595
0.01454 0.014137 34.34535
 0.0431 0.043526 36.32675
0.03273 0.033141 35.7343
0.03399 0.033416 35.70135
0.01382 0.012549 33.82835
0.05092 0.050262 36.77035
0.01752 0.017937 34.4058
0.02482 0.023156 34.99995
 0.0288 0.029567 35.44165
0.01568 0.015174 34.1089
0.02197 0.022669 34.71745
0.03426 0.035963 35.8201
0.01698 0.016672 34.0197
0.02752 0.027019 35.58595
0.03438 0.03396 35.9571
0.01318 0.013142 33.90605
0.01726 0.016252 34.2656
0.01209 0.013201 33.3291
0.05418 0.054207 36.6718
 0.0197 0.019879 34.80455
0.01662 0.017019 33.9812
0.02398 0.024845 35.1739
0.03144 0.03133 35.66895
0.01291 0.014124 33.5403
0.03827 0.039094 36.34715
0.01532 0.016385 34.2986
0.02643 0.025045 35.26835
 0.0202 0.020195 34.37285
 0.0373 0.036428 36.1696
0.02348 0.023495 35.01265
0.01635 0.017009 34.2331
0.02275 0.021282 34.8848
 0.2305 0.230879 40.3638
 0.3812 0.380039 41.87675
 0.2534 0.254211 40.44145
 0.1526 0.152019 39.28715
 0.4365 0.435989 42.19545
 0.1023 0.101146 38.50365
 0.3712 0.370032 41.47745
 0.4661 0.464937 42.1322
 0.1959 0.195295 39.85135
 0.3112 0.310038 41.0917
 0.0322 0.031098 35.822
 0.1098 0.109098 38.64245
 0.2255 0.224985 40.073
 0.2604 0.259992 40.57765
 0.2253 0.224142 40.2129
 0.4474 0.447008 41.94905
 0.4399 0.439522 42.20455
 0.3374 0.337329 41.09045
 0.5283 0.527901 42.1922
 0.5761 0.576039 42.5859
 0.3876 0.387223 41.7391
 0.36 0.35996 41.27755
  0.347 0.346966 41.1412
 0.4391 0.438707 41.91615
 0.3492 0.349124 41.2075
 0.4305 0.431326 41.8944
 0.5088 0.51002 42.1293
 0.2888 0.29002 40.8326
 0.1727 0.172083 39.84025
  0.318 0.318814 41.1887
 0.2752 0.275592 40.85715
   0.103 0.103381 38.25405
 0.2049 0.205729 39.9039
 0.2647 0.265081 40.5949
 0.2348 0.235172 40.2144
 0.2145 0.214903 40.08405
 0.4276 0.427009 42.38515
 0.4019 0.401317 41.6036
 0.3218 0.320635 40.89775
 0.4512 0.450035 42.07345
 0.1612 0.160042 39.42365
 0.3512 0.350043 41.40965
 0.2492 0.250015 40.37715
 0.0822 0.081796 37.87945
 0.1056 0.105017 38.4667
 0.3327 0.33202 41.4008
 0.1022 0.101501 38.4031
 0.2928 0.292719 40.8396
 0.1326 0.131904 38.88775
 0.2707 0.270028 40.57425
 0.1004 0.100029 38.4307
 0.3536 0.353517 41.4958
 0.4235 0.423431 41.949
 0.3001 0.300042 41.06085
 0.1476 0.147539 39.23745
 0.2288 0.229998 40.31525
 0.1388 0.139993 39.17205
 0.1436 0.144789 39.23005
 0.0919 0.093124 38.3047
 0.1568 0.157611 39.4739
 0.2388 0.240021 40.54555
 0.1496 0.149974 39.50155
 0.5078 0.509023 42.3437
 0.2528 0.254022 40.55755
 0.2842 0.28502 40.6663
 0.2368 0.238025 40.3724
 0.3412 0.342026 41.23785
 0.2641 0.264924 40.414
  0.349 0.349804 41.4662
 0.3212 0.321997 41.06485
 0.1352 0.136001 39.15745
 0.3065 0.305975 41.23165
 0.2335 0.232982 40.56045
 0.3006 0.299999 41.26835
 0.3676 0.367012 41.3404
 0.1692 0.168047 39.6054
0.07976 0.078992 37.687
 0.1806 0.180032 39.7364
 0.1806 0.179996 39.69675
 0.2307 0.230024 40.38315
0.04582 0.045032 36.64255
 0.2212 0.220039 40.1353
 0.2006 0.199988 39.8774
 0.0755 0.074964 37.728
0.02627 0.025694 35.33385
 0.1912 0.190029 39.405
 0.1777 0.177015 39.7052
 0.1852 0.184034 39.8871
 0.3491 0.347942 41.37925
 0.2712 0.270808 40.65945
0.2921 0.292039 40.52535
0.3704 0.370012 41.1444
0.0963 0.097489 38.1715
0.1808 0.181993 39.6252
0.2748 0.276026 40.7234
0.2454 0.246591 40.6089
0.3618 0.362989 41.2582
0.2318 0.233024 40.27185
0.1466 0.146988 39.26105
0.1592 0.160014 39.53505
0.4198 0.421021 41.8083
0.3192 0.320022 41.01595
0.5196 0.519982 42.32595
0.1506 0.150018 39.2875
0.3026 0.302961 40.9635
0.2106 0.210015 40.08865
0.2396 0.23998 40.06895
0.3316 0.331006 41.1081
0.2006 0.200029 40.07485
0.3606 0.360001 41.5121
0.2426 0.242026 40.6908
0.2212 0.220043 40.17175
0.1206 0.120001 38.7188
0.3412 0.340044 41.23605
0.2504 0.24998 40.3768
0.3804 0.380022 41.5035
0.3106 0.310012 41.16735
0.1994 0.198999 39.7468
 0.24 0.239963 40.4434
0.5027 0.502034 42.24585
0.3701 0.370013 41.45035
  0.27 0.269953 40.71745
0.2631 0.263024 40.741
 0.268 0.267968 40.57475
 0.308 0.307956 41.30175
  0.25 0.249964 40.7268
0.2804 0.280015 40.7287
0.3148 0.315992 41.2541
0.3288 0.330025 41.4829
0.3297 0.330511 41.3369
0.2588 0.260022 40.48905
0.2246 0.225002 40.0181
0.2102 0.211005 40.2708
0.3878 0.388988 41.6444
0.3068 0.30802 41.0375
0.3652 0.366003 41.5565
0.2488 0.249999 40.4827
0.2988 0.299998 40.74335
0.1238 0.125024 38.9241
0.3312 0.330038 41.1189
0.3826 0.382964 41.53595
0.2406 0.240016 40.48115
0.1712 0.170029 39.6373
0.2088 0.209992 40.209
0.2896 0.289979 41.065
0.2457 0.244544 40.4966
0.1361 0.136909 39.11145
0.1505 0.151321 39.2057
0.1187 0.118178 38.61765
0.2448 0.244258 40.40305
0.3503 0.349139 41.3123
0.6192 0.618034 42.8334
0.2196 0.218437 40.18145
0.0994 0.098229 38.5329
0.4098 0.409404 41.8168
0.5025 0.501995 42.16425
0.3815 0.380964 41.66495
0.2797 0.279014 40.6469
0.2307 0.230646 40.09845
0.4269 0.426832 41.9094
0.5501 0.550025 42.4891
 0.3253 0.325262 41.31765
 0.3509 0.35085 41.35245
 0.3283 0.328229 41.32245
 0.4504 0.449985 41.8003
0.06441 0.064995 37.44975
0.06559 0.065899 37.26255
 0.3185 0.319697 41.1616
 0.1453 0.1447 39.6051
 0.1396 0.139969 39.1299
 0.4294 0.428788 42.10515
 0.2166 0.216994 39.94575
 0.3666 0.367826 41.23675
 0.3806 0.379996 41.5563
 0.4206 0.42 41.82585
 0.1996 0.199974 39.96175
 0.5106 0.510024 42.1706
 0.4267 0.42611 41.9689
 0.3156 0.315011 41.2842
 0.5779 0.577308 42.6302
 0.4812 0.480045 42.3666
 0.3922 0.391033 41.53855
 0.1735 0.172991 39.43825
 0.3302 0.329032 41.3484
 0.2996 0.300011 41.05345
 0.2296 0.230007 40.30825
 0.2927 0.291997 40.89425
 0.2085 0.207972 39.94295
 0.2749 0.274204 40.6369
 0.3032 0.302666 41.01825
  0.359 0.358942 41.54585
   0.36 0.359463 41.2202
  0.349 0.348933 41.33165
 0.6304 0.630023 42.6669
 0.3207 0.320025 41.3692
   0.51 0.509959 42.19675
 0.3669 0.368089 41.3567
 0.1384 0.139594 39.1444
 0.1792 0.180427 39.89675
 0.1717 0.172509 39.57
 0.2708 0.272021 40.5856
 0.3473 0.348525 41.58255
 0.4796 0.479992 41.9631
 0.3192 0.320019 41.2669
 0.5192 0.520003 42.3078
 0.3802 0.381009 41.53215
 0.3712 0.372031 41.48805
 0.1808 0.181617 39.824
 0.2236 0.2230044 0.10105
 0.1412 0.142016 39.1922
 0.3055 0.304975 41.03485
 0.4045 0.403983 41.47805
 0.2856 0.285002 40.78725
 0.3012 0.300046 40.9359
 0.2637 0.263029 40.5819
 0.5006 0.499999 42.3217
 0.3051 0.304598 40.99295
 0.3857 0.385022 41.63245
 0.1985 0.197999 39.9942
 0.0906 0.089992 38.10805
 0.4774 0.476228 42.2761
 0.3312 0.330036 41.181
 0.4712 0.470043 42.05965
 0.3306 0.33 41.1226
 0.2607 0.260011 40.7072
0.07141 0.070791 37.50745
 0.1812 0.180032 39.776
 0.3379 0.33674 41.26315
 0.1221 0.122027 38.72365
0.2501 0.250037 40.4635
 0.1604 0.160006 39.51235
 0.2988 0.300023 41.34485
 0.3892 0.390023 41.46805
 0.2928 0.293993 40.8187
 0.3288 0.329987 41.0155
 0.3056 0.305982 41.0495
 0.2858 0.286995 40.81645
 0.4292 0.42999 41.8292
 0.1792 0.179996 39.831
 0.1896 0.189985 39.85025
 0.2488 0.250024 40.54025
 0.4096 0.410407 41.83095
 0.2416 0.241982 40.20675
 0.3376 0.337964 41.2291
 0.0706 0.070028 37.83435
 0.3456 0.346 41.3093
 0.3306 0.330002 41.33705
0.05495 0.054 36.95185
 0.4231 0.421934 41.72855
 0.1072 0.106038 38.54495
 0.2854 0.285023 40.5765
 0.3254 0.325016 41.26925
 0.3347 0.334019 41.09575
 0.2907 0.29 40.65595
 0.4404 0.43999 41.7738
 0.2411 0.241048 40.44055
 0.4607 0.460026 42.10035
 0.1194 0.119032 38.68475
  0.545 0.544288 42.69415
 0.4114 0.411029 41.9589
 0.2688 0.269987 40.69225
0.04976 0.051386 36.70275
 0.4118 0.412998 41.9317
0.07369 0.074003 37.5855
 0.3188 0.320023 41.4316
 0.4198 0.420996 41.51135
 0.4208 0.422023 41.84015
 0.4392 0.440015 41.81285
 0.4804 0.481622 42.03865
 0.1998 0.200995 40.01375
 0.3018 0.303025 41.16235
 0.2902 0.290995 40.7912
 0.3092 0.310004 40.93775
 0.2956 0.295015 41.0791
 0.3386 0.338974 41.23335
 0.3782 0.377044 41.56555
 0.0896 0.089013 38.07405
 0.4507 0.45001 42.0086
 0.4604 0.460018 42.1511
  1.206 1.205618 45.08935
   1.33 1.330388 44.9534
   1.54 1.538838 45.2572
   1.55 1.550387 45.35705
    1.7 1.701108 45.4092
    1.8 1.799601 45.5511
    2.26 2.259601 46.227
   1.914 1.914829 45.5109
     1.3 1.301202 44.87015
    1.34 1.341202 44.8152
    1.02 1.021202 44.23235
   0.735 0.736202 43.05605
    1.12 1.121202 44.4139
    1.23 1.231202 44.63615
    1.23 1.231202 44.8485
   0.854 0.855202 43.6628
    1.37 1.371202 44.8659
 0.9752 0.976402 44.0561
    0.97 0.971202 44.46545
    0.74 0.741202 43.1946
  1.39 1.391202 44.71305
1.305 1.306202 44.6142
0.935 0.936202 43.6166
1.014 1.015202 44.20445
1.315 1.316202 44.89235
1.092 1.093202 43.98835

